"linkage_thickness"= 18.0mm

"width"= 30.0mm

"wall_thickness"= 3.0mm

"length"= 324.79860433603017mm

"angle"= 5.580088106667777

"bolt_diameter"= 10.0mm

"bolt_spacing"= 5.0mm

