"linkage_thickness"= 20.0mm

"width"= 30.0mm

"wall_thickness"= 3.0mm

"length"= 334.25548064053487mm

"angle"= 21.68771576381707

"bolt_diameter"= 10.0mm

"bolt_spacing"= 10.0mm

