"linkage_thickness"= 20.0mm

"width"= 30.0mm

"wall_thickness"= 3.0mm

"length"= 299.3179046755698mm

"angle"= 48.83451044543235

"bolt_diameter"= 10.0mm

"bolt_spacing"= 5.0mm

