"linkage_thickness"= 20.0mm

"width"= 30.0mm

"wall_thickness"= 3.0mm

"length"= 284.49917280753425mm

"angle"= 46.76744352539793

"bolt_diameter"= 10.0mm

"bolt_spacing"= 10.0mm

