"linkage_thickness"= 20.0mm

"width"= 30.0mm

"wall_thickness"= 3.0mm

"length"= 175.68547090043228mm

"angle"= 28.20554923717945

"bolt_diameter"= 10.0mm

"bolt_spacing"= 10.0mm

