"linkage_thickness"= 20.0mm

"width"= 30.0mm

"wall_thickness"= 3.0mm

"length"= 143.15701543058677mm

"angle"= 5.501757111213453

"bolt_diameter"= 10.0mm

"bolt_spacing"= 10.0mm

